tweet_id	retweet_count	favorite_count
892420643555336193	7174	34480.0
892177421306343426	5391	29908.0
891815181378084864	3553	22506.0
891689557279858688	7398	37720.0
891327558926688256	7933	36015.0
891087950875897856	2667	18179.0
890971913173991426	1711	10583.0
890729181411237888	16144	58037.0
890609185150312448	3700	25028.0
890240255349198849	6231	28543.0
890006608113172480	6278	27566.0
889880896479866881	4265	25067.0
889665388333682689	8546	42924.0
889638837579907072	3814	24152.0
889531135344209921	1922	13610.0
889278841981685760	4550	22565.0
888917238123831296	3832	26146.0
888804989199671297	3618	22915.0
888554962724278272	2941	17674.0
888078434458587136	2961	19525.0
887705289381826560	4637	27158.0
887517139158093824	10060	41581.0
887473957103951883	15357	61445.0
887343217045368832	9011	30188.0
887101392804085760	5093	27508.0
886983233522544640	6502	31016.0
886736880519319552	2710	10695.0
886680336477933568	3821	20145.0
886366144734445568	2696	18927.0
886267009285017600	3	104.0
886258384151887873	5402	25070.0
886054160059072513	95	0.0
885984800019947520	5745	29188.0
885528943205470208	5460	32224.0
885518971528720385	3183	18366.0
885311592912609280	15795	0.0
885167619883638784	3738	19621.0
884925521741709313	15396	68748.0
884876753390489601	4768	24902.0
884562892145688576	3999	21766.0
884441805382717440	4885	24341.0
884247878851493888	17304	64693.0
884162670584377345	2547	18308.0
883838122936631299	2925	19581.0
883482846933004288	8458	41041.0
883360690899218434	3148	20352.0
883117836046086144	5654	33203.0
882992080364220416	3303	21398.0
882762694511734784	4189	25284.0
882627270321602560	5187	25122.0
882268110199369728	9893	40021.0
882045870035918850	4167	26276.0
881906580714921986	2911	21868.0
881666595344535552	9167	45471.0
881633300179243008	8	113.0
881536004380872706	13708	44332.0
881268444196462592	4572	20907.0
880935762899988482	2387	15344.0
880872448815771648	3274	19112.0
880465832366813184	5320	25495.0
880221127280381952	3556	24174.0
880095782870896641	3735	24803.0
879862464715927552	2988	20101.0
879674319642796034	9	285.0
879492040517615616	2704	21123.0
879415818425184262	38306	94741.0
879376492567855104	2692	15137.0
879130579576475649	5856	0.0
879050749262655488	4033	20225.0
879008229531029506	2296	17103.0
878776093423087618	3513	17460.0
878604707211726852	6051	26949.0
878404777348136964	1094	0.0
878316110768087041	5668	0.0
878281511006478336	1094	6928.0
878057613040115712	5856	37842.0
877736472329191424	16203	70821.0
877611172832227328	70	0.0
877556246731214848	3245	20362.0
877316821321428993	4452	24651.0
877201837425926144	4743	24333.0
876838120628539392	2860	18583.0
876537666061221889	4065	21436.0
876484053909872640	2044	16900.0
876120275196170240	3997	25180.0
875747767867523072	3666	22608.0
875144289856114688	4229	19769.0
875097192612077568	5244	24726.0
875021211251597312	4067	23001.0
874680097055178752	4009	25083.0
874434818259525634	12505	0.0
874296783580663808	3557	23478.0
874057562936811520	3455	20538.0
874012996292530176	8766	30737.0
873580283840344065	3402	21861.0
873337748698140672	1357	0.0
873213775632977920	1357	6444.0
872967104147763200	4659	24555.0
872820683541237760	3231	13325.0
872620804844003328	3134	18726.0
872486979161796608	7883	36844.0
872122724285648897	7002	30874.0
871879754684805121	9450	33803.0
871762521631449091	3030	18257.0
871515927908634625	3008	18246.0
871166179821445120	4992	0.0
871102520638267392	4798	18921.0
871032628920680449	3299	20566.0
870804317367881728	5379	30417.0
870726314365509632	3	109.0
870656317836468226	2252	11095.0
870374049280663552	23279	75450.0
870308999962521604	3617	19867.0
870063196459192321	7232	33052.0
869772420881756160	8875	38705.0
869702957897576449	5494	25549.0
869596645499047938	2693	14487.0
869227993411051520	3274	18503.0
868880397819494401	12558	59165.0
868639477480148993	1792	0.0
868622495443632128	4599	24125.0
868552278524837888	1792	9154.0
867900495410671616	3652	22017.0
867774946302451713	6391	30847.0
867421006826221569	2160	14616.0
867072653475098625	105	0.0
867051520902168576	6929	29291.0
866720684873056260	4213	18185.0
866686824827068416	3024	17472.0
866450705531457537	30981	111083.0
866334964761202691	12505	47549.0
866094527597207552	7336	0.0
865718153858494464	4962	23409.0
865359393868664832	4388	24088.0
865006731092295680	6804	25550.0
864873206498414592	7647	29356.0
864279568663928832	2636	13320.0
864197398364647424	7760	27223.0
863907417377173506	3667	18833.0
863553081350529029	3708	13930.0
863471782782697472	2130	0.0
863432100342583297	4646	21754.0
863427515083354112	81	1997.0
863079547188785154	979	8039.0
863062471531167744	2130	7675.0
862831371563274240	4560	17553.0
862722525377298433	3155	15645.0
862457590147678208	4343	18636.0
862096992088072192	20465	67698.0
861383897657036800	9499	32971.0
861288531465048066	3670	15692.0
861005113778896900	3397	15318.0
860981674716409858	1896	0.0
860924035999428608	694	0.0
860563773140209665	1896	6862.0
860524505164394496	4713	21709.0
860276583193509888	3140	16943.0
860184849394610176	5215	15288.0
860177593139703809	27450	0.0
859924526012018688	3667	18016.0
859851578198683649	3144	14247.0
859607811541651456	1383	17158.0
859196978902773760	26903	82337.0
859074603037188101	12226	31051.0
858860390427611136	7260	0.0
858843525470990336	3099	14406.0
858471635011153920	4366	19907.0
858107933456039936	2592	14541.0
857989990357356544	2312	14812.0
857746408056729600	9558	31493.0
857393404942143489	1472	5419.0
857263160327368704	4072	18599.0
857214891891077121	16	207.0
857062103051644929	151	0.0
857029823797047296	3575	17420.0
856543823941562368	2606	15159.0
856526610513747968	1696	11046.0
856288084350160898	15	494.0
856282028240666624	5705	25749.0
855862651834028034	22	310.0
855860136149123072	875	4519.0
855857698524602368	1901	11067.0
855851453814013952	16489	42754.0
855818117272018944	4929	24745.0
855459453768019968	7459	27668.0
855245323840757760	5397	0.0
855138241867124737	39	0.0
854732716440526848	5509	21155.0
854482394044301312	6173	27170.0
854365224396361728	4258	17569.0
854120357044912130	6775	29803.0
854010172552949760	2866	15156.0
853760880890318849	5237	26641.0
853639147608842240	9096	32262.0
853299958564483072	3244	14464.0
852936405516943360	1827	0.0
852912242202992640	1650	8427.0
852672615818899456	1978	13951.0
852553447878664193	3190	15230.0
852311364735569921	9089	30990.0
852226086759018497	6243	18713.0
852189679701164033	1452	10773.0
851861385021730816	19	0.0
851591660324737024	3204	15292.0
851464819735769094	6476	22783.0
851224888060895234	5294	19453.0
850753642995093505	8306	28799.0
850380195714523136	2393	12333.0
850333567704068097	305	3261.0
850145622816686080	3474	15345.0
850019790995546112	4490	19197.0
849776966551130114	6987	28525.0
849668094696017920	4564	0.0
849412302885593088	2902	14973.0
849336543269576704	1732	10780.0
849051919805034497	7831	39898.0
848690551926992896	4010	23794.0
848324959059550208	4271	23345.0
848213670039564288	666	7706.0
848212111729840128	2786	15361.0
847978865427394560	3013	0.0
847971574464610304	409	0.0
847962785489326080	4702	22224.0
847842811428974592	1217	5124.0
847617282490613760	382	6620.0
847606175596138505	3166	17749.0
847251039262605312	4018	19418.0
847157206088847362	5377	18771.0
847116187444137987	2945	20309.0
846874817362120707	3635	19013.0
846514051647705089	10677	42078.0
846505985330044928	2844	13370.0
846153765933735936	8397	29798.0
846139713627017216	9378	29405.0
846042936437604353	2653	15138.0
845812042753855489	8054	27686.0
845677943972139009	4487	23930.0
845397057150107648	1656	7255.0
845306882940190720	4996	22097.0
845098359547420673	7112	0.0
844979544864018432	2364	12940.0
844973813909606400	2936	14252.0
844580511645339650	2888	15612.0
844223788422217728	2032	12984.0
843981021012017153	2759	14440.0
843856843873095681	4283	20403.0
843604394117681152	2544	16068.0
843235543001513987	5567	20422.0
842846295480000512	3394	14548.0
842765311967449089	1195	6421.0
842535590457499648	3268	17278.0
842163532590374912	5397	23243.0
842115215311396866	2831	13309.0
841833993020538882	13951	0.0
841680585030541313	7324	24553.0
841439858740625411	3406	12013.0
841320156043304961	5160	18861.0
841314665196081154	4345	15089.0
841077006473256960	4992	21790.0
840761248237133825	1647	0.0
840728873075638272	14990	0.0
840698636975636481	2	169.0
840696689258311684	903	11716.0
840632337062862849	1647	8595.0
840370681858686976	4271	15687.0
840268004936019968	5359	18328.0
839990271299457024	2119	12817.0
839549326359670784	7260	26140.0
839290600511926273	136	0.0
839239871831150596	6082	25806.0
838952994649550848	3753	18784.0
838921590096166913	1910	10647.0
838916489579200512	31	0.0
838831947270979586	10323	0.0
838561493054533637	1256	10484.0
838476387338051585	4448	21449.0
838201503651401729	9420	0.0
838150277551247360	313	1590.0
838085839343206401	1	134.0
838083903487373313	2917	16856.0
837820167694528512	7336	32533.0
837482249356513284	417	3690.0
837471256429613056	2115	12250.0
837110210464448512	2222	15383.0
836989968035819520	2163	12220.0
836753516572119041	4358	18517.0
836677758902222849	2081	12097.0
836648853927522308	518	0.0
836397794269200385	25774	0.0
836380477523124226	2811	14172.0
836260088725786625	4075	20416.0
836001077879255040	4000	18288.0
835685285446955009	7646	0.0
835574547218894849	3389	17037.0
835536468978302976	1581	0.0
835309094223372289	19671	0.0
835297930240217089	2815	15790.0
835264098648616962	1581	7393.0
835246439529840640	65	2019.0
835172783151792128	5407	25098.0
835152434251116546	2828	21435.0
834931633769889797	1521	10324.0
834786237630337024	5210	20633.0
834574053763584002	2365	13070.0
834477809192075265	10021	0.0
834458053273591808	1580	9227.0
834209720923721728	4450	19666.0
834167344700198914	3454	15163.0
834089966724603904	2015	9630.0
834086379323871233	2075	12513.0
833863086058651648	2263	12908.0
833826103416520705	3560	17422.0
833732339549220864	208	0.0
833722901757046785	3065	20070.0
833479644947025920	1929	14297.0
833124694597443584	4564	19407.0
832998151111966721	2071	12704.0
832769181346996225	38	0.0
832757312314028032	3413	16192.0
832682457690300417	2738	11394.0
832645525019123713	502	2806.0
832636094638288896	2627	15241.0
832397543355072512	2084	11477.0
832369877331693569	3013	16469.0
832273440279240704	2209	10898.0
832215909146226688	5873	0.0
832215726631055365	8799	0.0
832088576586297345	2	61.0
832040443403784192	9046	0.0
832032802820481025	4401	17131.0
831939777352105988	5802	22996.0
831926988323639298	34	324.0
831911600680497154	6133	26413.0
831670449226514432	1720	10011.0
831650051525054464	1827	6850.0
831552930092285952	2210	8639.0
831322785565769729	1477	8934.0
831315979191906304	1055	6288.0
831309418084069378	2327	11337.0
831262627380748289	1945	11422.0
830956169170665475	1413	7683.0
830583320585068544	15795	63950.0
830173239259324417	5367	0.0
830097400375152640	2771	9364.0
829878982036299777	4730	0.0
829861396166877184	1831	11785.0
829501995190984704	10021	30524.0
829449946868879360	1904	10091.0
829141528400556032	6937	23400.0
829011960981237760	15512	51334.0
828801551087042563	3241	0.0
828770345708580865	5539	24601.0
828708714936930305	10612	35055.0
828650029636317184	1270	9156.0
828409743546925057	1103	6139.0
828408677031882754	1223	7403.0
828381636999917570	2111	12133.0
828376505180889089	1013	7122.0
828372645993398273	2780	12128.0
828361771580813312	169	2101.0
828046555563323392	2720	11302.0
828011680017821696	2045	9979.0
827933404142436356	4955	19273.0
827653905312006145	2866	14921.0
827600520311402496	880	7213.0
827324948884643840	2868	15263.0
827199976799354881	2111	10209.0
826958653328592898	4730	20766.0
826848821049180160	9593	34784.0
826615380357632002	3773	0.0
826598799820865537	234	4952.0
826598365270007810	2227	9646.0
826476773533745153	3995	17717.0
826240494070030336	2469	12792.0
826204788643753985	872	4701.0
826115272272650244	2942	15055.0
825876512159186944	1768	10107.0
825829644528148480	2384	12292.0
825535076884762624	16751	55079.0
825147591692263424	4297	17638.0
825120256414846976	1184	0.0
825026590719483904	1184	6024.0
824796380199809024	5228	0.0
824775126675836928	3337	14386.0
824663926340194305	1681	10134.0
824325613288833024	10125	11408.0
824297048279236611	3661	14527.0
824025158776213504	573	4669.0
823939628516474880	2588	10271.0
823719002937630720	10607	0.0
823699002998870016	2390	13482.0
823581115634085888	2496	12534.0
823333489516937216	21	677.0
823322678127919110	3810	15147.0
823269594223824897	9415	0.0
822975315408461824	3278	16726.0
822872901745569793	40960	126699.0
822859134160621569	2165	12754.0
822647212903690241	6085	0.0
822610361945911296	2793	14281.0
822489057087389700	6085	17491.0
822462944365645825	13516	26875.0
822244816520155136	9415	33742.0
822163064745328640	4505	0.0
821886076407029760	2191	10904.0
821813639212650496	3191	0.0
821765923262631936	1589	8094.0
821522889702862852	1660	7740.0
821421320206483457	5284	0.0
821407182352777218	4102	11321.0
821153421864615936	9	240.0
821149554670182400	1862	8296.0
821107785811234820	2022	9253.0
821044531881721856	2173	12224.0
820837357901512704	6391	0.0
820749716845686786	9420	30477.0
820690176645140481	3069	11815.0
820494788566847489	536	0.0
820446719150292993	2449	0.0
820314633777061888	536	3238.0
820078625395449857	5962	19068.0
820013781606658049	1114	0.0
819952236453363712	1114	5132.0
819924195358416896	4645	12500.0
819711362133872643	2958	12903.0
819588359383371776	1907	9337.0
819347104292290561	1141	6989.0
819238181065359361	389	2182.0
819227688460238848	6391	22237.0
819015337530290176	35356	0.0
819015331746349057	18190	0.0
819006400881917954	18190	43873.0
819004803107983360	35356	84347.0
818646164899774465	19938	0.0
818627210458333184	7221	21659.0
818614493328580609	2412	9504.0
818588835076603904	5813	0.0
818536468981415936	2327	10481.0
818307523543449600	7662	0.0
818259473185828864	2141	10631.0
818145370475810820	2426	11844.0
817908911860748288	757	4692.0
817827839487737858	25774	49678.0
817777686764523521	2568	10425.0
817536400337801217	2793	11365.0
817502432452313088	3227	0.0
817423860136083457	13951	32562.0
817415592588222464	908	5408.0
817181837579653120	8066	0.0
817171292965273600	1925	8474.0
817120970343411712	2479	11790.0
817056546584727552	1563	8312.0
816829038950027264	4493	0.0
816816676327063552	1936	9677.0
816697700272001025	2092	9457.0
816450570814898180	7662	29313.0
816336735214911488	1850	8326.0
816091915477250048	2033	8652.0
816062466425819140	968	0.0
816014286006976512	5008	0.0
815990720817401858	968	4781.0
815966073409433600	8066	21611.0
815745968457060357	3953	0.0
815736392542261248	2168	9529.0
815639385530101762	1578	7957.0
815390420867969024	3652	10031.0
814986499976527872	1217	7411.0
814638523311648768	2581	10928.0
814578408554463233	5587	0.0
814530161257443328	1771	8361.0
814153002265309185	8280	27838.0
813944609378369540	3042	0.0
813910438903693312	1775	9028.0
813812741911748608	13364	35287.0
813800681631023104	1687	8058.0
813217897535406080	6987	18030.0
813202720496779264	1745	8957.0
813187593374461952	4159	19252.0
813172488309972993	1845	8996.0
813157409116065792	2103	7530.0
813142292504645637	2292	8249.0
813130366689148928	427	4357.0
813127251579564032	2978	11448.0
813112105746448384	2623	9988.0
813096984823349248	3469	10248.0
813081950185472002	2659	9617.0
813066809284972545	1873	7703.0
813051746834595840	7032	20338.0
812781120811126785	1821	7300.0
812709060537683968	1382	6430.0
812503143955202048	1175	5879.0
812466873996607488	1834	7737.0
812372279581671427	3513	13218.0
811985624773361665	1342	7058.0
811744202451197953	1524	7322.0
811647686436880384	705	5433.0
811627233043480576	2931	12336.0
811386762094317568	6113	20282.0
810984652412424192	1365	5160.0
810896069567610880	1680	8726.0
810657578271330305	2524	10639.0
810284430598270976	10754	34087.0
810254108431155201	3241	14257.0
809920764300447744	3773	15099.0
809808892968534016	4688	0.0
809448704142938112	1404	6744.0
809220051211603969	5367	19298.0
809084759137812480	3390	12818.0
808838249661788160	2924	9845.0
808733504066486276	2073	7666.0
808501579447930884	2493	10989.0
808344865868283904	19938	41090.0
808134635716833280	5652	0.0
808106460588765185	2116	8568.0
808001312164028416	3386	12137.0
807621403335917568	3470	14156.0
807106840509214720	52984	114262.0
807059379405148160	7047	0.0
807010152071229440	3716	12747.0
806629075125202948	33158	72187.0
806620845233815552	5284	0.0
806576416489959424	1877	4748.0
806542213899489280	2273	9920.0
806242860592926720	11150	0.0
806219024703037440	1157	6275.0
805958939288408065	5133	0.0
805932879469572096	1851	8065.0
805826884734976000	1750	6379.0
805823200554876929	7684	0.0
805520635690676224	1591	5598.0
805487436403003392	2432	8548.0
805207613751304193	1659	7630.0
804738756058218496	3679	13274.0
804475857670639616	1940	5972.0
804413760345620481	3093	0.0
804026241225523202	15439	43045.0
803773340896923648	2628	9757.0
803692223237865472	7124	0.0
803638050916102144	3982	10619.0
803380650405482500	1806	7543.0
803321560782307329	5086	0.0
803276597545603072	2350	9742.0
802952499103731712	1920	8776.0
802624713319034886	2791	0.0
802600418706604034	1404	6912.0
802572683846291456	2419	8708.0
802323869084381190	5625	15718.0
802265048156610565	1331	6749.0
802239329049477120	2516	8843.0
802185808107208704	263	0.0
801958328846974976	1646	7526.0
801854953262350336	228	1755.0
801538201127157760	2000	7991.0
801285448605831168	790	5872.0
801167903437357056	5652	23695.0
801127390143516673	3801	0.0
801115127852503040	2018	7835.0
800859414831898624	94	664.0
800855607700029440	1547	0.0
800751577355128832	2689	10299.0
800513324630806528	2884	12778.0
800459316964663297	2102	9239.0
800443802682937345	4138	0.0
800388270626521089	2680	10836.0
800188575492947969	3791	0.0
800141422401830912	2449	14842.0
800018252395122689	12616	27491.0
799774291445383169	4475	0.0
799757965289017345	2057	8147.0
799422933579902976	1844	7845.0
799308762079035393	5220	0.0
799297110730567681	2631	9590.0
799063482566066176	2389	7856.0
798933969379225600	4284	12703.0
798925684722855936	1390	7311.0
798705661114773508	6384	0.0
798701998996647937	7440	0.0
798697898615730177	6259	0.0
798694562394996736	4764	0.0
798686750113755136	2234	0.0
798682547630837760	4559	0.0
798673117451325440	5355	0.0
798665375516884993	3766	0.0
798644042770751489	1782	0.0
798628517273620480	1901	0.0
798585098161549313	5429	0.0
798576900688019456	5613	0.0
798340744599797760	3214	0.0
798209839306514432	2469	10133.0
797971864723324932	2982	11235.0
797545162159308800	4705	14152.0
797236660651966464	6317	19352.0
797165961484890113	25	218.0
796904159865868288	8590	0.0
796865951799083009	1869	7479.0
796759840936919040	2918	11457.0
796563435802726400	6933	0.0
796484825502875648	1685	7341.0
796387464403357696	3995	10695.0
796177847564038144	13693	0.0
796149749086875649	13693	31224.0
796125600683540480	1731	4838.0
796116448414461957	2310	8827.0
796080075804475393	2215	8202.0
796031486298386433	3588	10495.0
795464331001561088	22544	47888.0
795400264262053889	2753	9732.0
795076730285391872	5228	15710.0
794983741416415232	3228	0.0
794926597468000259	2209	9919.0
794355576146903043	9882	0.0
794332329137291264	2587	9342.0
794205286408003585	3196	8978.0
793962221541933056	4688	16287.0
793845145112371200	1786	8963.0
793614319594401792	3009	0.0
793601777308463104	1553	7761.0
793500921481273345	2282	10359.0
793286476301799424	8799	23857.0
793271401113350145	2311	8455.0
793256262322548741	8016	19360.0
793241302385262592	3161	10206.0
793226087023144960	2774	9508.0
793210959003287553	2679	8663.0
793195938047070209	5400	14777.0
793180763617361921	1919	6708.0
793165685325201412	2680	9098.0
793150605191548928	1631	5979.0
793135492858580992	2414	6226.0
793120401413079041	3762	12269.0
792913359805018113	3805	13895.0
792883833364439040	4103	10970.0
792773781206999040	1622	7158.0
792394556390137856	4123	13012.0
792050063153438720	1705	6914.0
791821351946420224	20267	0.0
791784077045166082	9152	0.0
791780927877898241	3672	0.0
791774931465953280	21288	43622.0
791672322847637504	3009	11419.0
791406955684368384	3953	12758.0
791312159183634433	2429	8501.0
791026214425268224	3916	0.0
790987426131050500	2047	9515.0
790946055508652032	4493	16212.0
790723298204217344	2209	0.0
790698755171364864	1849	7986.0
790581949425475584	6827	20015.0
790337589677002753	1818	7606.0
790277117346975746	3042	12197.0
790227638568808452	3410	0.0
789986466051088384	2209	8993.0
789960241177853952	3939	0.0
789903600034189313	3971	10008.0
789628658055020548	1688	7254.0
789599242079838210	1844	6532.0
789530877013393408	3228	11367.0
789314372632018944	2191	8373.0
789280767834746880	4697	0.0
789268448748703744	2510	8854.0
789137962068021249	2671	9430.0
788908386943430656	11972	26618.0
788765914992902144	9882	26498.0
788552643979468800	6841	0.0
788412144018661376	5052	15046.0
788178268662984705	2016	7038.0
788150585577050112	1224	5928.0
788070120937619456	3292	0.0
788039637453406209	1261	5936.0
787810552592695296	2913	8329.0
787717603741622272	2655	9934.0
787397959788929025	2737	10553.0
787322443945877504	1661	7564.0
787111942498508800	6458	0.0
786963064373534720	7646	25825.0
786729988674449408	2328	0.0
786709082849828864	5873	17717.0
786664955043049472	2429	10251.0
786595970293370880	3008	9201.0
786363235746385920	3310	10514.0
786286427768250368	2710	7714.0
786233965241827333	4505	14741.0
786051337297522688	151	1384.0
786036967502913536	6665	0.0
785927819176054784	3063	11045.0
785872687017132033	1719	6489.0
785639753186217984	2144	7617.0
785533386513321988	1891	8794.0
785515384317313025	1200	5941.0
785264754247995392	1559	7034.0
785170936622350336	4607	11621.0
784826020293709826	3093	9772.0
784517518371221505	2411	8678.0
784431430411685888	1222	5549.0
784183165795655680	7684	19379.0
784057939640352768	10607	28752.0
783839966405230592	10323	28977.0
783821107061198850	1873	7124.0
783695101801398276	3070	10102.0
783466772167098368	2141	8156.0
783391753726550016	5210	16334.0
783347506784731136	5296	0.0
783334639985389568	11150	28111.0
783085703974514689	2082	7886.0
782969140009107456	7047	23337.0
782747134529531904	1349	7223.0
782722598790725632	5133	16660.0
782598640137187329	1799	7546.0
782305867769217024	5284	16064.0
782021823840026624	5907	0.0
781955203444699136	3205	10788.0
781661882474196992	2590	10089.0
781655249211752448	1081	3857.0
781524693396357120	5284	20023.0
781308096455073793	2442	6893.0
781251288990355457	1979	8102.0
781163403222056960	2629	9475.0
780931614150983680	6933	20921.0
780858289093574656	1917	6944.0
780800785462489090	1233	5288.0
780601303617732608	3191	11680.0
780543529827336192	1668	6082.0
780496263422808064	3503	0.0
780476555013349377	108	0.0
780459368902959104	1022	5105.0
780192070812196864	2142	8397.0
780092040432480260	2196	0.0
780074436359819264	4705	11675.0
779834332596887552	6665	18154.0
779377524342161408	2963	8449.0
779124354206535695	17399	0.0
779056095788752897	4314	14225.0
778990705243029504	6815	19196.0
778774459159379968	9394	0.0
778764940568104960	347	833.0
778748913645780993	1242	6630.0
778650543019483137	1418	5546.0
778624900596654080	964	4442.0
778408200802557953	4103	13147.0
778396591732486144	11610	0.0
778383385161035776	1042	5620.0
778286810187399168	3145	9989.0
778039087836069888	2520	8170.0
778027034220126208	1527	6334.0
777953400541634568	3352	0.0
777885040357281792	1552	6130.0
777684233540206592	2791	10830.0
777641927919427584	4019	0.0
777621514455814149	2388	8421.0
777189768882946048	4095	13653.0
776819012571455488	12984	0.0
776813020089548800	1143	4701.0
776477788987613185	2631	8461.0
776249906839351296	8669	0.0
776218204058357768	15063	28695.0
776201521193218049	2394	9213.0
776113305656188928	4138	11355.0
776088319444877312	145	1757.0
775898661951791106	15916	0.0
775842724423557120	2519	11272.0
775733305207554048	3801	13365.0
775729183532220416	4390	12503.0
775364825476165632	2802	7101.0
775350846108426240	3716	9787.0
775085132600442880	4475	14958.0
774757898236878852	1695	8305.0
774639387460112384	1647	6486.0
774314403806253056	5220	20972.0
773985732834758656	3671	10357.0
773922284943896577	1660	6180.0
773704687002451968	1538	6367.0
773670353721753600	1255	5161.0
773547596996571136	5813	21247.0
773336787167145985	4806	0.0
773308824254029826	7112	22477.0
773247561583001600	3090	9106.0
773191612633579521	3919	9604.0
772877495989305348	3677	8238.0
772826264096874500	2252	7731.0
772615324260794368	3206	0.0
772581559778025472	1622	6254.0
772193107915964416	1314	5777.0
772152991789019136	1081	3670.0
772117678702071809	698	3617.0
772114945936949249	449	2627.0
772102971039580160	886	3841.0
771908950375665664	1793	6310.0
771770456517009408	3214	11536.0
771500966810099713	2480	7955.0
771380798096281600	4806	10117.0
771171053431250945	7049	0.0
771136648247640064	2772	8794.0
771102124360998913	1367	5981.0
771014301343748096	1574	6628.0
770787852854652928	1140	4739.0
770772759874076672	1350	4980.0
770655142660169732	1703	7080.0
770414278348247044	1987	6081.0
770293558247038976	1388	5961.0
770093767776997377	2884	0.0
770069151037685760	2169	7293.0
769940425801170949	9046	29988.0
769695466921623552	1597	6183.0
769335591808995329	7324	0.0
769212283578875904	1635	5179.0
768970937022709760	6150	13693.0
768909767477751808	2526	0.0
768855141948723200	848	4021.0
768609597686943744	1131	3937.0
768596291618299904	1216	4833.0
768554158521745409	5512	0.0
768473857036525572	3237	13059.0
768193404517830656	3352	10437.0
767884188863397888	1289	4557.0
767754930266464257	5086	15327.0
767500508068192258	2207	7201.0
767191397493538821	3579	11803.0
767122157629476866	2716	9756.0
766793450729734144	1283	4840.0
766714921925144576	359	2508.0
766693177336135680	753	3858.0
766423258543644672	1491	5757.0
766313316352462849	1779	6495.0
766078092750233600	2487	0.0
766069199026450432	802	4040.0
766008592277377025	471	3604.0
765719909049503744	2043	6942.0
765669560888528897	1169	4967.0
765395769549590528	3205	25667.0
765371061932261376	2061	6805.0
765222098633691136	3206	11155.0
764857477905154048	1683	6201.0
764259802650378240	1429	5767.0
763956972077010945	51	741.0
763837565564780549	3916	12031.0
763183847194451968	1396	5150.0
763167063695355904	2838	0.0
763103485927849985	2180	7073.0
762699858130116608	3410	11615.0
762471784394268675	6060	10738.0
762464539388485633	3939	9874.0
762316489655476224	1056	4592.0
762035686371364864	14667	30453.0
761976711479193600	1883	5176.0
761750502866649088	3692	0.0
761745352076779520	822	4110.0
761672994376806400	27450	47275.0
761599872357261312	1121	3957.0
761371037149827077	17110	0.0
761334018830917632	1376	4956.0
761292947749015552	1031	4297.0
761227390836215808	1486	5116.0
761004547850530816	3292	10876.0
760893934457552897	914	3654.0
760656994973933572	1793	6310.0
760641137271070720	1216	4781.0
760539183865880579	3428	7233.0
760521673607086080	1316	4010.0
760290219849637889	10836	25660.0
760252756032651264	816	3781.0
760190180481531904	1686	5457.0
760153949710192640	30	0.0
759943073749200896	1970	5687.0
759846353224826880	1864	6431.0
759793422261743616	1803	5700.0
759557299618865152	1134	4486.0
759447681597108224	2328	8126.0
759446261539934208	463	1604.0
759197388317847553	1839	5818.0
759159934323924993	1099	0.0
759099523532779520	3917	13897.0
759047813560868866	1898	6199.0
758854675097526272	859	3399.0
758828659922702336	3649	10719.0
758740312047005698	1527	5486.0
758474966123810816	939	3629.0
758467244762497024	2081	4591.0
758405701903519748	1803	4979.0
758355060040593408	998	3227.0
758099635764359168	9394	18142.0
758041019896193024	348	2586.0
757741869644341248	3093	6566.0
757729163776290825	7410	0.0
757725642876129280	1140	4336.0
757611664640446465	1031	4381.0
757597904299253760	284	0.0
757596066325864448	988	4159.0
757400162377592832	6473	14465.0
757393109802180609	1626	5553.0
757354760399941633	1331	4309.0
756998049151549440	1884	6000.0
756939218950160384	1898	6354.0
756651752796094464	1225	4815.0
756526248105566208	3392	9936.0
756303284449767430	1039	3777.0
756288534030475264	16709	42113.0
756275833623502848	1441	6094.0
755955933503782912	2701	6976.0
755206590534418437	5032	15681.0
755110668769038337	10462	20226.0
754874841593970688	7442	0.0
754856583969079297	2361	6598.0
754747087846248448	491	2468.0
754482103782404096	1835	5049.0
754449512966619136	692	3579.0
754120377874386944	2218	7549.0
753655901052166144	2052	5573.0
753420520834629632	3329	7510.0
753398408988139520	1784	5477.0
753375668877008896	2196	7291.0
753298634498793472	5350	0.0
753294487569522689	979	3198.0
753039830821511168	19671	35369.0
753026973505581056	896	3748.0
752932432744185856	6458	12031.0
752917284578922496	1476	6640.0
752701944171524096	2699	0.0
752682090207055872	1494	5747.0
752660715232722944	1465	4166.0
752568224206688256	2145	5243.0
752519690950500352	3237	7020.0
752334515931054080	1033	3662.0
752309394570878976	15243	0.0
752173152931807232	1721	5677.0
751950017322246144	859	2913.0
751937170840121344	1230	4935.0
751830394383790080	1833	5553.0
751793661361422336	2705	5522.0
751598357617971201	2885	7593.0
751583847268179968	1029	4194.0
751538714308972544	1178	4823.0
751456908746354688	942	3079.0
751251247299190784	5519	11967.0
751205363882532864	1709	6023.0
751132876104687617	1214	4825.0
750868782890057730	1284	4562.0
750719632563142656	4697	12539.0
750506206503038976	1077	4230.0
750429297815552001	4019	12566.0
750383411068534784	1073	4345.0
750381685133418496	28	680.0
750147208377409536	904	2978.0
750132105863102464	1209	3451.0
750117059602808832	1237	4155.0
750101899009982464	794	2911.0
750086836815486976	501	2071.0
750071704093859840	3109	7422.0
750056684286914561	848	3020.0
750041628174217216	579	3026.0
750026558547456000	737	2589.0
750011400160841729	846	3080.0
749996283729883136	769	2895.0
749981277374128128	2324	4874.0
749774190421639168	1253	4452.0
749417653287129088	1542	5824.0
749403093750648834	500	2491.0
749395845976588288	3240	8153.0
749317047558017024	2096	5210.0
749075273010798592	1941	5485.0
749064354620928000	1444	4584.0
749036806121881602	746	2943.0
748977405889503236	3201	10252.0
748932637671223296	2116	5518.0
748705597323898880	898	2645.0
748699167502000129	1490	4519.0
748692773788876800	1248	4027.0
748575535303884801	1864	5781.0
748568946752774144	630	2102.0
748346686624440324	1154	4968.0
748337862848962560	3846	7228.0
748324050481647620	712	3517.0
748307329658011649	671	3518.0
748220828303695873	7301	13435.0
747963614829678593	2009	5503.0
747933425676525569	2410	6312.0
747885874273214464	907	2778.0
747844099428986880	696	2692.0
747816857231626240	1093	4598.0
747651430853525504	145	1302.0
747648653817413632	5467	12260.0
747600769478692864	532	2221.0
747594051852075008	976	3498.0
747512671126323200	1516	5244.0
747461612269887489	977	3679.0
747439450712596480	1795	5142.0
747242308580548608	2716	0.0
747219827526344708	1475	5003.0
747204161125646336	854	3196.0
747103485104099331	3714	9075.0
746906459439529985	275	2769.0
746872823977771008	2005	5694.0
746818907684614144	1639	5050.0
746790600704425984	1508	4620.0
746757706116112384	3672	9066.0
746726898085036033	1681	5758.0
746542875601690625	1777	4793.0
746521445350707200	925	0.0
746507379341139972	1022	4432.0
746369468511756288	1529	5905.0
746131877086527488	2052	6531.0
746056683365994496	762	3394.0
745789745784041472	992	3785.0
745712589599014916	2182	6658.0
745433870967832576	2378	6705.0
745422732645535745	2255	8117.0
745314880350101504	2565	6782.0
745074613265149952	3272	7458.0
745057283344719872	2097	6894.0
744995568523612160	576	2811.0
744971049620602880	2506	7468.0
744709971296780288	1476	5337.0
744334592493166593	1977	6444.0
744234799360020481	72569	147921.0
744223424764059648	335	1566.0
743980027717509120	1034	3974.0
743895849529389061	903	3477.0
743835915802583040	1936	0.0
743609206067040256	1303	4244.0
743595368194129920	6102	17337.0
743545585370791937	884	3347.0
743510151680958465	3496	7556.0
743253157753532416	1146	4021.0
743222593470234624	1793	5873.0
743210557239623680	1272	3634.0
742534281772302336	3356	6689.0
742528092657332225	1839	4194.0
742465774154047488	3688	6889.0
742423170473463808	3503	9316.0
742385895052087300	1832	6438.0
742161199639494656	1274	4079.0
742150209887731712	1446	4826.0
741793263812808706	1408	4302.0
741743634094141440	2572	7720.0
741438259667034112	762	3493.0
741303864243200000	3007	8325.0
741099773336379392	5163	9444.0
741067306818797568	2884	9061.0
740995100998766593	2540	5990.0
740711788199743490	886	3213.0
740699697422163968	728	2702.0
740676976021798912	6384	17217.0
740373189193256964	12444	33228.0
740365076218183684	397	2314.0
740359016048689152	809	3105.0
740214038584557568	1831	6328.0
739979191639244800	5512	18896.0
739932936087216128	1007	3840.0
739844404073074688	806	3602.0
739623569819336705	1270	3564.0
739606147276148736	1541	5102.0
739544079319588864	19760	37267.0
739485634323156992	2709	6742.0
739238157791694849	54196	109498.0
738891149612572673	6	97.0
738885046782832640	1067	3572.0
738883359779196928	737	3114.0
738537504001953792	1435	4800.0
738402415918125056	766	3073.0
738184450748633089	1138	4069.0
738166403467907072	3107	8267.0
738156290900254721	595	2341.0
737826014890496000	1642	4966.0
737800304142471168	3231	9461.0
737678689543020544	1231	4752.0
737445876994609152	4164	9675.0
737322739594330112	752	3394.0
737310737551491075	6918	13836.0
736736130620620800	1596	3985.0
736392552031657984	6841	16718.0
736365877722001409	1153	3755.0
736225175608430592	2608	7665.0
736010884653420544	2755	7418.0
735991953473572864	1062	3369.0
735648611367784448	1035	3818.0
735635087207878657	2197	5807.0
735274964362878976	4670	12319.0
735256018284875776	825	3146.0
735137028879360001	905	2951.0
734912297295085568	492	2602.0
734787690684657664	5905	11833.0
734776360183431168	500	2374.0
734559631394082816	368	1404.0
733828123016450049	733	3376.0
733822306246479872	961	3477.0
733482008106668032	880	2943.0
733460102733135873	1174	3950.0
733109485275860992	15916	50462.0
732732193018155009	498	2292.0
732726085725589504	823	3356.0
732585889486888962	729	3444.0
732375214819057664	2337	7614.0
732005617171337216	5008	14030.0
731285275100512256	928	3304.0
731156023742988288	1178	3614.0
730924654643314689	1847	5795.0
730573383004487680	1979	4578.0
730427201120833536	969	3287.0
730211855403241472	987	3585.0
730196704625098752	1744	4539.0
729854734790754305	1042	3805.0
729838605770891264	351	1631.0
729823566028484608	1157	3737.0
729463711119904772	2148	5439.0
729113531270991872	296	1768.0
728986383096946689	758	2952.0
728760639972315136	1587	4385.0
728751179681943552	634	2608.0
728653952833728512	971	3117.0
728409960103686147	1869	4620.0
728387165835677696	895	3500.0
728046963732717569	1117	4034.0
728035342121635841	1553	4274.0
728015554473250816	1022	3890.0
727685679342333952	592	2801.0
727644517743104000	1633	5521.0
727524757080539137	1119	4211.0
727314416056803329	691	3131.0
727286334147182592	768	2884.0
727175381690781696	1286	3680.0
727155742655025152	1227	3406.0
726935089318363137	2275	6484.0
726887082820554753	1407	3616.0
726828223124897792	939	3372.0
726224900189511680	1067	4170.0
725842289046749185	2486	6684.0
725786712245440512	1279	3938.0
725729321944506368	1652	4911.0
725458796924002305	571	1337.0
724983749226668032	1209	3522.0
724771698126512129	584	2208.0
724405726123311104	1555	4987.0
724049859469295616	1659	4070.0
724046343203856385	521	2513.0
724004602748780546	1428	3928.0
723912936180330496	1155	3681.0
723688335806480385	2707	7216.0
723673163800948736	832	2854.0
723179728551723008	1737	4980.0
722974582966214656	1465	3862.0
722613351520608256	1530	4692.0
721503162398597120	1689	4340.0
721001180231503872	570	2388.0
720785406564900865	719	2913.0
720775346191278080	604	2312.0
720415127506415616	1398	3896.0
720389942216527872	2320	6002.0
720340705894408192	908	2693.0
720059472081784833	1045	3627.0
720043174954147842	1872	4670.0
719991154352222208	1621	4578.0
719704490224398336	1327	4277.0
719551379208073216	1768	4755.0
719367763014393856	702	2648.0
719339463458033665	1149	4200.0
719332531645071360	884	3244.0
718971898235854848	1009	3276.0
718939241951195136	1627	4931.0
718631497683582976	7440	17770.0
718613305783398402	446	2310.0
718540630683709445	946	2299.0
718460005985447936	489	2547.0
718454725339934721	1410	4584.0
718246886998687744	459	1801.0
718234618122661888	931	3646.0
717841801130979328	558	2320.0
717790033953034240	1019	2689.0
717537687239008257	1711	5456.0
717428917016076293	419	1525.0
717421804990701568	774	2959.0
717047459982213120	1784	5922.0
717009362452090881	892	3052.0
716802964044845056	1084	4053.0
716791146589110272	1479	7806.0
716730379797970944	406	1163.0
716447146686459905	5461	12303.0
716439118184652801	197	2254.0
716285507865542656	983	2620.0
716080869887381504	1766	6401.0
715928423106027520	818	3006.0
715758151270801409	1326	3504.0
715733265223708672	1572	4409.0
715704790270025728	527	2622.0
715696743237730304	1200	3693.0
715680795826982913	1484	4059.0
715360349751484417	1456	5157.0
715342466308784130	639	2870.0
715220193576927233	605	2277.0
715200624753819648	1745	4865.0
715009755312439296	1143	3911.0
714982300363173890	961	3517.0
714962719905021952	3963	6934.0
714957620017307648	1312	3916.0
714631576617938945	929	3085.0
714606013974974464	862	3429.0
714485234495041536	1044	2514.0
714258258790387713	683	2878.0
714251586676113411	778	3101.0
714214115368108032	817	2162.0
714141408463036416	1315	4083.0
713919462244790272	740	3113.0
713909862279876608	504	1790.0
713900603437621249	680	2682.0
713761197720473600	1270	4582.0
713411074226274305	1217	4190.0
713177543487135744	2671	6809.0
713175907180089344	1372	4197.0
712809025985978368	6259	17986.0
712717840512598017	4626	11616.0
712668654853337088	1128	3921.0
712438159032893441	1460	5021.0
712309440758808576	25	223.0
712097430750289920	964	3561.0
712092745624633345	834	2783.0
712085617388212225	458	3089.0
712065007010385924	583	2118.0
711998809858043904	121	0.0
711968124745228288	2145	7598.0
711743778164514816	929	2688.0
711732680602345472	3791	8293.0
711694788429553666	17110	30974.0
711652651650457602	842	3645.0
711363825979756544	1054	3410.0
711306686208872448	692	3121.0
711008018775851008	573	2827.0
710997087345876993	1294	4327.0
710844581445812225	640	2411.0
710833117892898816	496	2535.0
710658690886586372	528	2194.0
710609963652087808	2217	4531.0
710588934686908417	1740	4288.0
710296729921429505	686	2251.0
710283270106132480	491	2051.0
710272297844797440	1174	4258.0
710269109699739648	1042	2263.0
710153181850935296	835	2752.0
710140971284037632	829	2589.0
710117014656950272	1840	5151.0
709918798883774466	1014	3305.0
709901256215666688	96	627.0
709852847387627521	1122	3306.0
709566166965075968	1115	3345.0
709556954897764353	1000	3102.0
709519240576036864	224	1421.0
709449600415961088	533	2082.0
709409458133323776	640	2500.0
709225125749587968	535	2266.0
709207347839836162	5356	11760.0
709198395643068416	604	2323.0
709179584944730112	628	1903.0
709158332880297985	378	1924.0
709042156699303936	1521	4461.0
708853462201716736	608	1705.0
708845821941387268	835	2803.0
708834316713893888	468	1590.0
708810915978854401	6444	15581.0
708738143638450176	764	2606.0
708711088997666817	663	2397.0
708479650088034305	641	2401.0
708469915515297792	758	2930.0
708400866336894977	9368	15029.0
708356463048204288	1233	3383.0
708349470027751425	691	2235.0
708149363256774660	1448	4078.0
708130923141795840	797	3189.0
708119489313951744	916	2537.0
708109389455101952	520	1851.0
708026248782585858	1806	4163.0
707995814724026368	1049	2959.0
707983188426153984	2	47.0
707969809498152960	896	2546.0
707776935007539200	895	3099.0
707741517457260545	569	2350.0
707738799544082433	2276	3839.0
707693576495472641	933	3206.0
707629649552134146	810	2428.0
707610948723478529	5907	16037.0
707420581654872064	655	2127.0
707411934438625280	562	2177.0
707387676719185920	1186	3308.0
707377100785885184	1009	3083.0
707315916783140866	595	2341.0
707297311098011648	731	2640.0
707059547140169728	633	2460.0
707038192327901184	734	2067.0
707021089608753152	1265	3857.0
707014260413456384	557	2183.0
706904523814649856	7324	13761.0
706901761596989440	542	1934.0
706681918348251136	911	3115.0
706644897839910912	1021	2425.0
706593038911545345	593	2041.0
706538006853918722	1342	3283.0
706516534877929472	963	2953.0
706346369204748288	864	3263.0
706310011488698368	7354	20057.0
706291001778950144	448	1613.0
706265994973601792	866	2590.0
706169069255446529	2064	3683.0
706166467411222528	1499	4859.0
706153300320784384	357	1401.0
705975130514706432	678	2938.0
705970349788291072	833	3010.0
705898680587526145	515	2254.0
705786532653883392	485	1837.0
705591895322394625	1068	2998.0
705475953783398401	854	2816.0
705442520700944385	1501	4163.0
705428427625635840	1562	3603.0
705239209544720384	698	2840.0
705223444686888960	743	2439.0
705102439679201280	486	2028.0
705066031337840642	570	2070.0
704871453724954624	1048	4050.0
704859558691414016	495	2135.0
704847917308362754	1412	4806.0
704819833553219584	914	2498.0
704761120771465216	2716	6283.0
704499785726889984	933	2741.0
704491224099647488	74	707.0
704480331685040129	1007	3217.0
704364645503647744	3315	7533.0
704347321748819968	324	1489.0
704134088924532736	425	1423.0
704113298707505153	535	1761.0
704054845121142784	866	2771.0
703774238772166656	416	1757.0
703769065844768768	1057	3088.0
703631701117943808	620	2422.0
703611486317502464	1423	3643.0
703425003149250560	1263	3581.0
703407252292673536	645	2310.0
703382836347330562	1060	3309.0
703356393781329922	360	1817.0
703268521220972544	508	1877.0
703079050210877440	2885	6983.0
703041949650034688	11610	24894.0
702932127499816960	671	2432.0
702899151802126337	418	1513.0
702684942141153280	990	3059.0
702671118226825216	525	2067.0
702598099714314240	3212	11575.0
702539513671897089	900	2728.0
702332542343577600	1436	2992.0
702321140488925184	977	3108.0
702276748847800320	718	2334.0
702217446468493312	1257	4522.0
701981390485725185	919	3256.0
701952816642965504	957	3627.0
701889187134500865	1294	3341.0
701805642395348998	1558	3222.0
701601587219795968	427	1982.0
701570477911896070	873	2659.0
701545186879471618	574	2520.0
701214700881756160	4763	11543.0
700890391244103680	526	2102.0
700864154249383937	584	2460.0
700847567345688576	465	2337.0
700796979434098688	879	2308.0
700747788515020802	8669	21509.0
700518061187723268	743	2461.0
700505138482569216	539	2167.0
700462010979500032	1664	3878.0
700167517596164096	678	2488.0
700151421916807169	631	2108.0
700143752053182464	2526	7102.0
700062718104104960	638	2500.0
700029284593901568	544	1965.0
700002074055016451	1252	3115.0
699801817392291840	881	2854.0
699788877217865730	482	2116.0
699779630832685056	1153	2577.0
699775878809702401	561	1854.0
699691744225525762	4288	9710.0
699446877801091073	2456	5644.0
699434518667751424	479	2071.0
699423671849451520	301	1281.0
699413908797464576	588	1973.0
699370870310113280	406	1792.0
699323444782047232	805	2973.0
699088579889332224	585	2135.0
699079609774645248	602	2319.0
699072405256409088	1113	2796.0
699060279947165696	1677	3536.0
699036661657767936	1128	2462.0
698989035503689728	903	3146.0
698953797952008193	852	2533.0
698907974262222848	574	2393.0
698710712454139905	636	2330.0
698703483621523456	349	1365.0
698635131305795584	323	1228.0
698549713696649216	581	2198.0
698355670425473025	414	1740.0
698342080612007937	899	2140.0
698262614669991936	1857	4511.0
698195409219559425	5587	15882.0
698178924120031232	696	2661.0
697995514407682048	316	1442.0
697990423684476929	1205	3101.0
697943111201378304	631	2261.0
697881462549430272	1085	2854.0
697630435728322560	510	1640.0
697616773278015490	941	2953.0
697596423848730625	1175	2845.0
697575480820686848	470	1931.0
697516214579523584	1032	1927.0
697482927769255936	627	2300.0
697463031882764288	1306	3245.0
697270446429966336	1757	4463.0
697259378236399616	935	3119.0
697255105972801536	1084	2900.0
697242256848379904	632	2393.0
696900204696625153	963	2984.0
696894894812565505	637	2216.0
696886256886657024	1671	4571.0
696877980375769088	665	2311.0
696754882863349760	334	1399.0
696744641916489729	864	1944.0
696713835009417216	605	2238.0
696518437233913856	1617	3705.0
696490539101908992	133	1153.0
696488710901260288	954	2371.0
696405997980676096	1075	3021.0
696100768806522880	607	1824.0
695816827381944320	1077	2834.0
695794761660297217	727	2998.0
695767669421768709	686	1751.0
695629776980148225	1953	4307.0
695446424020918272	1702	4178.0
695409464418041856	3350	8199.0
695314793360662529	1343	3421.0
695095422348574720	573	2514.0
695074328191332352	1024	2673.0
695064344191721472	546	1511.0
695051054296211456	743	2503.0
694925794720792577	855	2552.0
694905863685980160	874	2601.0
694669722378485760	13422	33847.0
694356675654983680	266	1418.0
694352839993344000	563	1915.0
694342028726001664	454	1501.0
694329668942569472	469	1879.0
694206574471057408	1907	3913.0
694183373896572928	867	2781.0
694001791655137281	956	3221.0
693993230313091072	378	1784.0
693942351086120961	343	1655.0
693647888581312512	544	2541.0
693644216740769793	117	1290.0
693642232151285760	391	2409.0
693629975228977152	745	2316.0
693622659251335168	347	1453.0
693590843962331137	1833	4782.0
693582294167244802	233	1559.0
693486665285931008	591	1676.0
693280720173801472	1162	3163.0
693267061318012928	757	2247.0
693262851218264065	465	2082.0
693231807727280129	696	2732.0
693155686491000832	2988	7456.0
693109034023534592	566	1607.0
693095443459342336	425	1758.0
692919143163629568	714	2570.0
692905862751522816	815	2294.0
692901601640583168	557	1661.0
692894228850999298	737	2129.0
692828166163931137	830	2726.0
692752401762250755	3407	6441.0
692568918515392513	1449	4118.0
692535307825213440	1275	2976.0
692530551048294401	383	1751.0
692423280028966913	205	1396.0
692417313023332352	3227	8846.0
692187005137076224	766	2392.0
692158366030913536	746	2026.0
692142790915014657	364	1549.0
692041934689402880	1175	3202.0
692017291282812928	895	2738.0
691820333922455552	1539	3754.0
691793053716221953	3955	7673.0
691756958957883396	919	2671.0
691675652215414786	473	1842.0
691483041324204033	520	2258.0
691459709405118465	1058	3814.0
691444869282295808	787	2487.0
691416866452082688	7124	18287.0
691321916024623104	621	2442.0
691096613310316544	828	2825.0
691090071332753408	316	1636.0
690989312272396288	2685	5590.0
690959652130045952	1149	3389.0
690938899477221376	1803	3863.0
690932576555528194	940	3100.0
690735892932222976	1188	3580.0
690728923253055490	483	2051.0
690690673629138944	771	2204.0
690649993829576704	255	1227.0
690607260360429569	15	286.0
690597161306841088	567	1839.0
690400367696297985	422	1789.0
690374419777196032	793	3058.0
690360449368465409	823	2506.0
690348396616552449	480	1411.0
690248561355657216	386	1589.0
690021994562220032	960	2649.0
690015576308211712	681	2359.0
690005060500217858	1578	3463.0
689999384604450816	339	1338.0
689993469801164801	422	1379.0
689977555533848577	422	1291.0
689905486972461056	647	2325.0
689877686181715968	1082	2863.0
689835978131935233	703	2056.0
689661964914655233	876	3065.0
689659372465688576	3600	9779.0
689623661272240129	598	2094.0
689599056876867584	5165	11013.0
689557536375177216	423	1951.0
689517482558820352	1333	3211.0
689289219123089408	874	2127.0
689283819090870273	1029	3086.0
689280876073582592	658	1868.0
689275259254616065	233	1086.0
689255633275777024	1007	2416.0
689154315265683456	924	2920.0
689143371370250240	468	1908.0
688916208532455424	800	2558.0
688908934925697024	712	1985.0
688898160958271489	728	1978.0
688894073864884227	637	2123.0
688828561667567616	340	1305.0
688804835492233216	176	908.0
688789766343622656	623	2101.0
688547210804498433	655	2453.0
688519176466644993	683	2202.0
688385280030670848	4187	8758.0
688211956440801280	783	2123.0
688179443353796608	546	2021.0
688116655151435777	721	2674.0
688064179421470721	336	1641.0
687841446767013888	2324	5147.0
687826841265172480	1046	2584.0
687818504314159109	892	2335.0
687807801670897665	671	2247.0
687732144991551489	616	1661.0
687704180304273409	786	2296.0
687664829264453632	482	1833.0
687494652870668288	541	1799.0
687480748861947905	224	1513.0
687476254459715584	499	1875.0
687460506001633280	505	1952.0
687399393394311168	576	1791.0
687317306314240000	8590	19072.0
687312378585812992	1771	4128.0
687127927494963200	2107	5109.0
687124485711986689	475	2068.0
687109925361856513	2305	5501.0
687102708889812993	899	2209.0
687096057537363968	570	2126.0
686947101016735744	2992	8178.0
686760001961103360	1297	3321.0
686749460672679938	1356	3279.0
686730991906516992	1130	3902.0
686683045143953408	756	2670.0
686618349602762752	1272	3502.0
686606069955735556	509	1792.0
686394059078897668	645	1641.0
686386521809772549	824	3071.0
686377065986265092	530	2099.0
686358356425093120	616	2044.0
686286779679375361	1570	3813.0
686050296934563840	682	2104.0
686035780142297088	111	1086.0
686034024800862208	1069	2913.0
686007916130873345	379	2338.0
686003207160610816	578	1727.0
685973236358713344	488	1984.0
685943807276412928	552	1540.0
685906723014619143	2669	7058.0
685681090388975616	115	1934.0
685667379192414208	523	2228.0
685663452032069632	1369	3046.0
685641971164143616	710	2756.0
685547936038666240	14519	31091.0
685532292383666176	1080	2871.0
685325112850124800	3692	8883.0
685321586178670592	592	2500.0
685315239903100929	972	3106.0
685307451701334016	412	1968.0
685268753634967552	1114	2923.0
685198997565345792	615	2204.0
685169283572338688	1328	3881.0
684969860808454144	339	2251.0
684959798585110529	2905	6417.0
684940049151070208	972	3023.0
684926975086034944	434	3308.0
684914660081053696	1364	3307.0
684902183876321280	489	1758.0
684880619965411328	748	1974.0
684830982659280897	20266	33091.0
684800227459624960	936	2574.0
684594889858887680	3270	8407.0
684588130326986752	1321	3893.0
684567543613382656	1134	2830.0
684538444857667585	885	2494.0
684481074559381504	1107	3662.0
684460069371654144	521	1864.0
684241637099323392	3050	7667.0
684225744407494656	191	1175.0
684222868335505415	1270	3609.0
684200372118904832	975	2026.0
684195085588783105	474	1800.0
684188786104872960	1086	3308.0
684177701129875456	611	1902.0
684147889187209216	1412	2823.0
684122891630342144	440	1896.0
684097758874210310	1336	3894.0
683857920510050305	1051	3607.0
683852578183077888	324	1835.0
683849932751646720	876	2464.0
683834909291606017	1051	2482.0
683828599284170753	991	2650.0
683773439333797890	1253	3155.0
683742671509258241	3099	6109.0
683515932363329536	2699	6938.0
683498322573824003	907	3006.0
683481228088049664	931	2528.0
683462770029932544	635	2290.0
683449695444799489	1496	3661.0
683391852557561860	2234	7220.0
683357973142474752	852	2738.0
683142553609318400	978	2708.0
683111407806746624	844	3217.0
683098815881154561	611	2050.0
683078886620553216	529	1895.0
683030066213818368	695	2039.0
682962037429899265	15264	34606.0
682808988178739200	158	1675.0
682788441537560576	1044	2337.0
682750546109968385	409	1430.0
682697186228989953	341	1244.0
682662431982772225	1010	2879.0
682638830361513985	555	1953.0
682429480204398592	1079	3248.0
682406705142087680	1631	7140.0
682393905736888321	616	2113.0
682389078323662849	440	1582.0
682303737705140231	910	2895.0
682259524040966145	1108	3903.0
682242692827447297	1074	3047.0
682088079302213632	9152	17181.0
682059653698686977	1571	4645.0
682047327939461121	872	3020.0
682032003584274432	1862	6206.0
682003177596559360	1409	2934.0
681981167097122816	953	2646.0
681891461017812993	766	2328.0
681694085539872773	3791	12096.0
681679526984871937	413	1671.0
681654059175129088	842	2473.0
681610798867845120	435	1783.0
681579835668455424	1211	3337.0
681523177663676416	5350	13451.0
681340665377193984	252	1552.0
681339448655802368	3798	8768.0
681320187870711809	690	2482.0
681302363064414209	1686	3694.0
681297372102656000	884	3036.0
681281657291280384	1026	3050.0
681261549936340994	247	1368.0
681242418453299201	490	1401.0
681231109724700672	457	2282.0
681193455364796417	1380	3490.0
680970795137544192	607	2273.0
680959110691590145	1860	4332.0
680940246314430465	967	3003.0
680934982542561280	408	1967.0
680913438424612864	577	2268.0
680889648562991104	343	1662.0
680836378243002368	1231	3251.0
680805554198020098	624	2026.0
680801747103793152	763	2242.0
680798457301471234	961	2667.0
680609293079592961	649	2471.0
680583894916304897	1229	3408.0
680497766108381184	1789	3970.0
680494726643068929	452	1614.0
680473011644985345	701	2398.0
680440374763077632	464	1362.0
680221482581123072	274	1402.0
680206703334408192	1084	2666.0
680191257256136705	461	2022.0
680176173301628928	1439	3654.0
680161097740095489	687	2190.0
680145970311643136	1617	3412.0
680130881361686529	878	2160.0
680115823365742593	849	2561.0
680100725817409536	1291	3384.0
680085611152338944	8391	12056.0
680070545539371008	801	2438.0
679877062409191424	601	1861.0
679872969355714560	616	2071.0
679862121895714818	573	2313.0
679854723806179328	1143	2680.0
679844490799091713	705	2244.0
679828447187857408	12984	33994.0
679777920601223168	1022	2922.0
679736210798047232	736	1962.0
679729593985699840	776	2040.0
679722016581222400	438	1571.0
679530280114372609	1944	4496.0
679527802031484928	673	2480.0
679511351870550016	1173	3151.0
679503373272485890	1364	2981.0
679475951516934144	600	1967.0
679462823135686656	17399	29543.0
679405845277462528	1106	2228.0
679158373988876288	7442	19903.0
679148763231985668	962	2618.0
679132435750195208	1071	2786.0
679111216690831360	2391	5581.0
679062614270468097	7410	15865.0
679047485189439488	606	2112.0
679001094530465792	1129	2671.0
678991772295516161	1061	2135.0
678969228704284672	422	1539.0
678800283649069056	839	2406.0
678798276842360832	1068	3232.0
678774928607469569	841	2627.0
678767140346941444	1264	3300.0
678764513869611008	434	1521.0
678755239630127104	3022	6631.0
678740035362037760	1532	3491.0
678708137298427904	2254	5256.0
678675843183484930	1351	2665.0
678643457146150913	371	1925.0
678446151570427904	1411	3743.0
678424312106393600	2355	5111.0
678410210315247616	1658	3940.0
678399652199309312	29372	75158.0
678396796259975168	386	1490.0
678389028614488064	390	1745.0
678380236862578688	836	2288.0
678341075375947776	493	1612.0
678334497360859136	231	1211.0
678278586130948096	5646	10684.0
678255464182861824	341	1486.0
678023323247357953	348	1783.0
678021115718029313	5791	12678.0
677961670166224897	1571	3202.0
677918531514703872	377	1250.0
677895101218201600	1900	4505.0
677716515794329600	902	2840.0
677700003327029250	1328	3179.0
677698403548192770	294	1150.0
677687604918272002	780	2326.0
677673981332312066	1386	3118.0
677662372920729601	872	1822.0
677644091929329666	747	1743.0
677573743309385728	634	1985.0
677565715327688705	424	1220.0
677557565589463040	1053	2282.0
677547928504967168	3396	6467.0
677530072887205888	209	990.0
677335745548390400	1602	2835.0
677334615166730240	258	1258.0
677331501395156992	214	1012.0
677328882937298944	1392	3413.0
677314812125323265	483	1544.0
677301033169788928	366	1140.0
677269281705472000	652	1840.0
677228873407442944	1506	3302.0
677187300187611136	840	2542.0
676975532580409345	982	2585.0
676957860086095872	740	2079.0
676949632774234114	366	1218.0
676948236477857792	794	2003.0
676946864479084545	337	1613.0
676942428000112642	686	1924.0
676936541936185344	4559	11879.0
676916996760600576	1670	2760.0
676897532954456065	667	2095.0
676864501615042560	648	1945.0
676821958043033607	14193	21234.0
676819651066732545	610	1693.0
676811746707918848	396	1341.0
676776431406465024	1851	4645.0
676617503762681856	877	2680.0
676613908052996102	184	1012.0
676606785097199616	398	1767.0
676603393314578432	354	1076.0
676593408224403456	1965	4242.0
676590572941893632	115	857.0
676588346097852417	720	2136.0
676582956622721024	252	1103.0
676575501977128964	1025	2392.0
676533798876651520	511	1741.0
676496375194980353	485	1415.0
676470639084101634	4295	10826.0
676440007570247681	610	1608.0
676430933382295552	311	1293.0
676263575653122048	499	1939.0
676237365392908289	257	1118.0
676219687039057920	28402	71096.0
676215927814406144	529	1612.0
676191832485810177	948	2100.0
676146341966438401	609	1788.0
676121918416756736	1066	2007.0
676101918813499392	1075	2635.0
676098748976615425	1290	2752.0
676089483918516224	404	1218.0
675898130735476737	521	1493.0
675891555769696257	782	1973.0
675888385639251968	865	2194.0
675878199931371520	1280	3864.0
675870721063669760	518	1514.0
675853064436391936	1176	2491.0
675849018447167488	129	883.0
675845657354215424	801	2103.0
675822767435051008	486	1413.0
675820929667219457	219	973.0
675798442703122432	3138	9526.0
675781562965868544	427	1495.0
675740360753160193	304	1089.0
675710890956750848	747	1732.0
675707330206547968	625	1826.0
675706639471788032	87	599.0
675534494439489536	375	1697.0
675531475945709568	346	1096.0
675522403582218240	256	956.0
675517828909424640	423	1191.0
675501075957489664	5355	15907.0
675497103322386432	1179	2890.0
675489971617296384	542	1183.0
675483430902214656	885	1700.0
675432746517426176	525	1393.0
675372240448454658	471	1561.0
675362609739206656	204	974.0
675354435921575936	15243	30072.0
675349384339542016	2063	3620.0
675334060156301312	1172	2552.0
675166823650848770	1419	3265.0
675153376133427200	2326	5739.0
675149409102012420	1544	3432.0
675147105808306176	207	865.0
675146535592706048	263	1088.0
675145476954566656	810	1961.0
675135153782571009	426	1195.0
675113801096802304	706	1781.0
675111688094527488	223	882.0
675109292475830276	1025	2586.0
675047298674663426	286	962.0
675015141583413248	1075	2482.0
675006312288268288	206	895.0
675003128568291329	423	1422.0
674999807681908736	993	2047.0
674805413498527744	325	783.0
674800520222154752	778	2762.0
674793399141146624	984	2287.0
674790488185167872	225	1015.0
674788554665512960	187	736.0
674781762103414784	1080	1840.0
674774481756377088	425	1006.0
674767892831932416	710	1664.0
674764817387900928	208	719.0
674754018082705410	396	1251.0
674752233200820224	414	1338.0
674743008475090944	489	1286.0
674742531037511680	46	439.0
674739953134403584	341	995.0
674737130913071104	81	594.0
674690135443775488	425	1051.0
674670581682434048	589	1486.0
674664755118911488	217	835.0
674646392044941312	440	1314.0
674644256330530816	252	954.0
674638615994089473	531	1546.0
674632714662858753	520	1374.0
674606911342424069	89	857.0
674468880899788800	1838	5708.0
674447403907457024	321	973.0
674436901579923456	355	1018.0
674422304705744896	485	1319.0
674416750885273600	123	631.0
674410619106390016	417	1099.0
674394782723014656	513	1376.0
674372068062928900	286	784.0
674330906434379776	69	527.0
674318007229923329	462	1288.0
674307341513269249	6237	10400.0
674291837063053312	5296	13498.0
674271431610523648	665	1429.0
674269164442398721	208	841.0
674265582246694913	755	1502.0
674262580978937856	402	1212.0
674255168825880576	488	1341.0
674082852460433408	150	705.0
674075285688614912	253	917.0
674063288070742018	1957	5856.0
674053186244734976	1167	3028.0
674051556661161984	444	1328.0
674045139690631169	580	1296.0
674042553264685056	115	656.0
674038233588723717	378	1009.0
674036086168010753	185	784.0
674024893172875264	1110	1626.0
674019345211760640	273	1041.0
674014384960745472	578	1432.0
674008982932058114	316	1109.0
673956914389192708	865	1794.0
673919437611909120	336	1078.0
673906403526995968	1489	2923.0
673887867907739649	229	860.0
673716320723169284	686	2835.0
673715861853720576	1857	3228.0
673711475735838725	272	957.0
673709992831262724	240	772.0
673708611235921920	262	982.0
673707060090052608	353	1012.0
673705679337693185	368	1151.0
673700254269775872	517	1312.0
673697980713705472	1740	3607.0
673689733134946305	589	1589.0
673688752737402881	446	1154.0
673686845050527744	391	1308.0
673680198160809984	423	1254.0
673662677122719744	338	1153.0
673656262056419329	209	664.0
673636718965334016	328	1019.0
673612854080196609	648	1460.0
673583129559498752	323	1095.0
673580926094458881	248	761.0
673576835670777856	504	1264.0
673363615379013632	273	947.0
673359818736984064	612	1323.0
673355879178194945	510	1375.0
673352124999274496	485	1528.0
673350198937153538	190	698.0
673345638550134785	1138	2285.0
673343217010679808	245	883.0
673342308415348736	512	1168.0
673320132811366400	7049	12276.0
673317986296586240	224	802.0
673295268553605120	2838	6895.0
673270968295534593	325	977.0
673240798075449344	636	1302.0
673213039743795200	751	2032.0
673148804208660480	566	1541.0
672997845381865473	638	1799.0
672995267319328768	263	864.0
672988786805112832	264	894.0
672984142909456390	492	1141.0
672980819271634944	911	1662.0
672975131468300288	809	1532.0
672970152493887488	320	865.0
672968025906282496	486	1216.0
672964561327235073	579	1287.0
672902681409806336	443	1259.0
672898206762672129	377	820.0
672884426393653248	758	1406.0
672877615439593473	319	933.0
672834301050937345	515	1189.0
672828477930868736	437	1129.0
672640509974827008	286	901.0
672622327801233409	435	1178.0
672614745925664768	527	1115.0
672609152938721280	349	998.0
672604026190569472	356	997.0
672594978741354496	548	1205.0
672591762242805761	297	866.0
672591271085670400	170	655.0
672538107540070400	325	923.0
672523490734551040	151	561.0
672488522314567680	389	1020.0
672482722825261057	538	1021.0
672481316919734272	118	656.0
672475084225949696	631	1322.0
672466075045466113	472	1228.0
672272411274932228	3027	5866.0
672267570918129665	551	1354.0
672264251789176834	300	1028.0
672256522047614977	1366	2581.0
672254177670729728	675	1308.0
672248013293752320	536	1577.0
672245253877968896	140	621.0
672239279297454080	288	822.0
672231046314901505	913	1663.0
672222792075620352	184	718.0
672205392827572224	1036	2048.0
672169685991993344	331	933.0
672160042234327040	317	796.0
672139350159835138	627	1590.0
672125275208069120	1027	2163.0
672095186491711488	335	898.0
672082170312290304	329	858.0
672068090318987265	459	1171.0
671896809300709376	3766	7786.0
671891728106971137	508	1201.0
671882082306625538	1250	3190.0
671879137494245376	595	1289.0
671874878652489728	497	1139.0
671866342182637568	438	1025.0
671855973984772097	391	819.0
671789708968640512	3102	6477.0
671768281401958400	445	1085.0
671763349865160704	810	1526.0
671744970634719232	691	1240.0
671743150407421952	211	688.0
671735591348891648	679	1320.0
671729906628341761	3906	7723.0
671561002136281088	6500	11665.0
671550332464455680	189	829.0
671547767500775424	521	1233.0
671544874165002241	922	1779.0
671542985629241344	504	986.0
671538301157904385	344	850.0
671536543010570240	366	1069.0
671533943490011136	519	920.0
671528761649688577	230	765.0
671520732782923777	469	1256.0
671518598289059840	264	856.0
671511350426865664	625	1454.0
671504605491109889	3224	6378.0
671497587707535361	409	840.0
671488513339211776	434	909.0
671486386088865792	178	525.0
671485057807351808	209	696.0
671390180817915904	675	1310.0
671362598324076544	268	1012.0
671357843010908160	140	362.0
671355857343524864	109	439.0
671347597085433856	381	861.0
671186162933985280	187	657.0
671182547775299584	297	1006.0
671166507850801152	309	794.0
671163268581498880	996	1491.0
671159727754231808	72	321.0
671154572044468225	196	639.0
671151324042559489	137	597.0
671147085991960577	199	596.0
671141549288370177	585	1047.0
671138694582165504	356	839.0
671134062904504320	170	667.0
671122204919246848	2261	3156.0
671115716440031232	696	1244.0
671109016219725825	391	1038.0
670995969505435648	256	994.0
670842764863651840	7774	22582.0
670840546554966016	171	532.0
670838202509447168	615	1012.0
670833812859932673	113	388.0
670832455012716544	191	662.0
670826280409919488	3614	5007.0
670823764196741120	166	695.0
670822709593571328	87	551.0
670815497391357952	1369	2861.0
670811965569282048	241	1018.0
670807719151067136	440	1067.0
670804601705242624	855	1785.0
670803562457407488	81	312.0
670797304698376195	211	673.0
670792680469889025	244	750.0
670789397210615808	213	596.0
670786190031921152	179	545.0
670783437142401025	344	755.0
670782429121134593	689	1396.0
670780561024270336	260	720.0
670778058496974848	65	305.0
670764103623966721	384	984.0
670755717859713024	94	398.0
670733412878163972	463	876.0
670727704916926465	323	756.0
670717338665226240	432	1086.0
670704688707301377	333	703.0
670691627984359425	218	534.0
670679630144274432	252	677.0
670676092097810432	37	223.0
670668383499735048	4459	9698.0
670474236058800128	660	1374.0
670468609693655041	80	324.0
670465786746662913	490	880.0
670452855871037440	181	499.0
670449342516494336	581	1097.0
670444955656130560	1782	6182.0
670442337873600512	181	588.0
670435821946826752	458	964.0
670434127938719744	580	1290.0
670433248821026816	102	300.0
670428280563085312	549	1269.0
670427002554466305	145	475.0
670421925039075328	570	1180.0
670420569653809152	279	555.0
670417414769758208	292	516.0
670411370698022913	798	1836.0
670408998013820928	197	499.0
670403879788544000	135	388.0
670385711116361728	184	508.0
670374371102445568	247	685.0
670361874861563904	59	296.0
670338931251150849	100	391.0
670319130621435904	1099	3549.0
670303360680108032	116	398.0
670290420111441920	257	637.0
670093938074779648	296	935.0
670086499208155136	226	635.0
670079681849372674	1093	2011.0
670073503555706880	700	1417.0
670069087419133954	212	566.0
670061506722140161	299	684.0
670055038660800512	289	604.0
670046952931721218	157	585.0
670040295598354432	100	682.0
670037189829525505	247	533.0
670003130994700288	83	299.0
669993076832759809	74	295.0
669972011175813120	138	405.0
669970042633789440	49	275.0
669942763794931712	143	458.0
669926384437997569	87	348.0
669923323644657664	53	209.0
669753178989142016	353	728.0
669749430875258880	60	232.0
669684865554620416	77	458.0
669683899023405056	98	345.0
669682095984410625	123	318.0
669680153564442624	257	603.0
669661792646373376	380	730.0
669625907762618368	1617	3203.0
669603084620980224	326	868.0
669597912108789760	137	461.0
669583744538451968	833	1354.0
669573570759163904	125	395.0
669571471778410496	916	1448.0
669567591774625800	47	210.0
669564461267722241	108	352.0
669393256313184256	65	324.0
669375718304980992	649	1204.0
669371483794317312	155	445.0
669367896104181761	137	413.0
669363888236994561	207	565.0
669359674819481600	109	339.0
669354382627049472	1131	2450.0
669353438988365824	234	575.0
669351434509529089	165	395.0
669328503091937280	380	928.0
669327207240699904	111	518.0
669324657376567296	190	450.0
669216679721873412	361	1083.0
669214165781868544	142	395.0
669203728096960512	417	915.0
669037058363662336	277	592.0
669015743032369152	332	669.0
669006782128353280	216	526.0
669000397445533696	5668	19090.0
668994913074286592	200	395.0
668992363537309700	303	670.0
668989615043424256	299	608.0
668988183816871936	406	818.0
668986018524233728	147	496.0
668981893510119424	271	496.0
668979806671884288	305	722.0
668975677807423489	518	1176.0
668967877119254528	20	130.0
668960084974809088	220	638.0
668955713004314625	65	248.0
668932921458302977	52	231.0
668902994700836864	90	286.0
668892474547511297	132	364.0
668872652652679168	274	486.0
668852170888998912	145	416.0
668826086256599040	118	390.0
668815180734689280	233	508.0
668779399630725120	335	650.0
668655139528511488	195	484.0
668645506898350081	471	796.0
668643542311546881	462	804.0
668641109086707712	482	968.0
668636665813057536	445	940.0
668633411083464705	1420	2534.0
668631377374486528	287	641.0
668627278264475648	100	286.0
668625577880875008	114	346.0
668623201287675904	669	1281.0
668620235289837568	36	186.0
668614819948453888	283	560.0
668587383441514497	960	1520.0
668567822092664832	49	212.0
668544745690562560	202	464.0
668542336805281792	187	408.0
668537837512433665	63	230.0
668528771708952576	197	420.0
668507509523615744	92	293.0
668496999348633600	118	369.0
668484198282485761	212	379.0
668480044826800133	131	410.0
668466899341221888	459	799.0
668297328638447616	263	570.0
668291999406125056	29	219.0
668286279830867968	124	453.0
668274247790391296	208	745.0
668268907921326080	210	499.0
668256321989451776	532	1179.0
668248472370458624	416	867.0
668237644992782336	2520	5600.0
668226093875376128	90	260.0
668221241640230912	176	461.0
668204964695683073	177	506.0
668190681446379520	179	592.0
668171859951755264	164	441.0
668154635664932864	281	454.0
668142349051129856	251	523.0
668113020489474048	212	605.0
667937095915278337	714	1130.0
667924896115245057	97	269.0
667915453470232577	49	190.0
667911425562669056	258	442.0
667902449697558528	347	781.0
667886921285246976	949	1690.0
667885044254572545	416	748.0
667878741721415682	106	358.0
667873844930215936	362	568.0
667866724293877760	925	2769.0
667861340749471744	73	225.0
667832474953625600	56	264.0
667806454573760512	439	955.0
667801013445750784	83	291.0
667793409583771648	300	628.0
667782464991965184	219	368.0
667773195014021121	46	212.0
667766675769573376	195	388.0
667728196545200128	133	333.0
667724302356258817	282	436.0
667550904950915073	29	0.0
667550882905632768	26	0.0
667549055577362432	2007	5225.0
667546741521195010	113	309.0
667544320556335104	477	779.0
667538891197542400	59	183.0
667534815156183040	466	735.0
667530908589760512	215	423.0
667524857454854144	999	1537.0
667517642048163840	173	338.0
667509364010450944	1901	6204.0
667502640335572993	198	494.0
667495797102141441	237	471.0
667491009379606528	197	467.0
667470559035432960	87	227.0
667455448082227200	55	175.0
667453023279554560	77	286.0
667443425659232256	510	696.0
667437278097252352	209	407.0
667435689202614272	79	277.0
667405339315146752	200	424.0
667393430834667520	51	173.0
667369227918143488	148	333.0
667211855547486208	219	437.0
667200525029539841	236	560.0
667192066997374976	87	341.0
667188689915760640	346	663.0
667182792070062081	5429	12866.0
667177989038297088	50	172.0
667176164155375616	401	540.0
667174963120574464	70	224.0
667171260800061440	73	193.0
667165590075940865	1007	2426.0
667160273090932737	54	227.0
667152164079423490	14990	43195.0
667138269671505920	1936	4106.0
667119796878725120	113	295.0
667090893657276420	110	298.0
667073648344346624	106	360.0
667070482143944705	13	74.0
667065535570550784	40	146.0
667062181243039745	46	196.0
667044094246576128	44	168.0
667012601033924608	195	402.0
666996132027977728	80	219.0
666983947667116034	867	2302.0
666837028449972224	482	722.0
666835007768551424	69	187.0
666826780179869698	81	227.0
666817836334096384	222	456.0
666804364988780544	79	209.0
666786068205871104	424	674.0
666781792255496192	171	340.0
666776908487630848	151	310.0
666739327293083650	60	212.0
666701168228331520	189	380.0
666691418707132416	43	163.0
666649482315059201	549	1007.0
666644823164719104	72	213.0
666454714377183233	186	455.0
666447344410484738	19	93.0
666437273139982337	41	106.0
666435652385423360	44	144.0
666430724426358785	168	282.0
666428276349472768	67	142.0
666421158376562688	95	284.0
666418789513326592	39	109.0
666411507551481857	277	382.0
666407126856765440	30	95.0
666396247373291520	72	150.0
666373753744588802	75	164.0
666362758909284353	483	671.0
666353288456101888	61	186.0
666345417576210432	127	255.0
666337882303524864	80	169.0
666293911632134144	301	441.0
666287406224695296	57	126.0
666273097616637952	69	153.0
666268910803644416	32	90.0
666104133288665088	5613	12903.0
666102155909144576	11	67.0
666099513787052032	55	137.0
666094000022159362	65	146.0
666082916733198337	39	97.0
666073100786774016	136	278.0
666071193221509120	51	130.0
666063827256086533	185	416.0
666058600524156928	49	102.0
666057090499244032	114	257.0
666055525042405380	204	385.0
666051853826850816	727	1056.0
666050758794694657	51	118.0
666049248165822465	37	92.0
666044226329800704	118	253.0
666033412701032449	37	103.0
666029285002620928	40	116.0
666020888022790149	435	2315.0
